241.873 0.000 637.191
457.740 0.000 1013.207
1461.528 0.000 3995.662
1121.089 0.000 2705.188
94.908 0.000 198.425
952.392 0.000 2227.308
366.823 0.000 788.741
973.529 0.000 2472.867
906.942 0.000 2653.312
556.282 0.000 1436.531
1332.625 0.000 3833.527
141.035 0.000 288.643
37.346 0.000 76.441
870.763 0.000 2566.966
1485.546 0.000 4418.521
622.763 0.000 1391.019
139.662 0.000 283.524
1454.109 0.000 4279.186
1315.239 0.000 3413.769
232.502 0.000 493.940
104.368 0.000 211.074
1475.618 0.000 4304.359
879.539 0.000 2257.882
793.814 0.000 1777.226
949.361 0.000 2361.806
842.052 0.000 2453.402
429.956 0.000 913.833
1095.207 0.000 2742.045
658.185 0.000 1567.079
947.095 0.000 2540.060
425.432 0.000 985.600
92.737 0.000 189.148
415.042 0.000 897.729
1045.759 0.000 3064.447
1293.752 0.000 3558.386
264.749 0.000 548.690
13.694 0.000 27.528
973.365 0.000 2285.410
688.809 0.000 1521.413
1124.365 0.000 3297.035
418.790 0.000 1060.465
337.223 0.000 750.437
863.752 0.000 1974.297
462.808 0.000 1276.666
393.068 0.000 1076.832
37.199 0.000 74.794
129.200 0.000 263.941
635.802 0.000 1647.663
184.135 0.000 411.004
206.487 0.000 473.168
111.434 0.000 227.458
117.343 0.000 254.985
315.051 0.000 657.183
112.503 0.000 230.473
456.290 0.000 995.066
607.849 0.000 1319.199
744.913 0.000 1794.082
699.847 0.000 1545.964
465.463 0.000 1283.957
1098.032 0.000 2822.629
862.782 0.000 2360.788
805.585 0.000 1889.874
564.669 0.000 1286.250
1513.662 0.000 4323.033
825.871 0.000 2174.967
476.278 0.000 1054.269
51.091 0.000 103.019
310.991 0.000 656.331
69.153 0.000 140.585
412.491 0.000 886.804
316.864 0.000 672.380
505.837 0.000 1154.516
402.578 0.000 902.711
132.434 0.000 269.162
866.477 0.000 2171.552
883.137 0.000 2063.592
34.356 0.000 68.974
104.491 0.000 211.534
3.567 0.000 7.139
25.588 0.000 69.507
471.946 0.000 1123.775
1132.735 0.000 3269.670
1155.340 0.000 2965.502
355.739 0.000 747.760
96.794 0.000 201.729
1498.971 0.000 4325.008
620.559 0.000 1737.592
339.010 0.000 741.304
1144.078 0.000 3101.041
464.800 0.000 1010.465
130.229 0.000 272.593
290.836 0.000 664.766
765.647 0.000 2134.369
988.989 0.000 2346.108
755.409 0.000 2141.507
281.326 0.000 581.682
1499.560 0.000 4249.541
1378.559 0.000 4124.874
1304.932 0.000 3473.112
1385.447 0.000 3674.841
