1274.382 1730.007
2026.413 6118.988
7991.324 9829.049
5410.375 9913.369
2472.286 396.850
9434.268 4454.616
6352.057 1577.481
7499.066 4945.733
5306.623 5587.539
4135.518 2873.061
7667.054 8370.681
6616.079 577.286
152.881 1744.800
5133.932 5320.197
8991.519 8837.041
7822.370 2782.038
567.048 9848.782
8901.026 8558.372
9677.832 6827.538
987.879 4666.255
9740.524 422.147
9120.870 8608.718
4515.764 6619.936
3554.451 9822.387
4723.612 7689.969
5211.585 4906.803
8576.787 1827.665
5484.089 8729.667
6088.601 3134.158
6566.002 5080.120
1971.199 4388.372
378.295 5054.384
6753.292 1795.458
6128.893 6431.124
8622.995 7116.771
1097.379 8363.519
55.056 2734.386
9488.374 4570.819
9354.321 3042.826
6909.343 6594.070
3248.932 2120.929
1500.874 4341.856
3948.593 9501.099
3071.524 2553.331
2635.257 2153.663
149.588 7122.593
6542.034 527.882
4693.114 3295.326
2323.340 822.007
2242.587 946.335
454.915 5856.102
1825.992 509.970
8590.487 1314.366
5080.789 460.946
6873.328 1990.132
9571.153 2638.397
6627.197 3588.164
9496.390 3091.927
3089.263 2567.914
5645.257 8240.656
4721.576 5794.844
7879.386 3779.747
6322.726 2572.500
9591.210 8646.065
5910.643 4349.934
2108.537 6365.558
206.037 6450.665
6875.527 1312.661
281.169 4472.453
1773.607 7154.496
6462.585 1344.760
2309.031 5605.919
4932.923 1805.421
8697.846 538.323
6889.471 4343.103
8778.978 4127.184
137.948 9174.502
423.068 8976.810
4263.139 14.278
139.013 173.783
4364.212 2247.549
6539.340 7086.385
8698.214 5931.004
8399.045 1495.520
403.458 2688.789
8650.015 9382.179
4033.548 3475.183
4988.098 1482.608
7796.740 6202.081
2020.930 7202.348
545.185 3316.046
1329.532 3199.269
5006.685 4268.737
4692.216 9269.823
4283.014 4831.228
9443.605 1163.363
9594.913 8499.082
8249.747 8293.127
6946.224 9164.930
9788.646 7349.681
